
50000 5.889569
50000 5.945391
50000 5.888551
50000 5.891427
50000 5.904202
50000 5.893232
50000 5.885825
50000 5.855313
50000 5.890439
50000 5.940538
100000 12.236387
100000 11.872602
100000 12.002791
100000 12.008872
100000 11.927831
100000 12.101691
100000 12.280689
100000 13.697185
100000 11.924597
100000 12.158019
150000 17.705009
150000 16.986108
150000 17.775428
150000 17.638864
150000 17.181543
150000 17.859390
150000 17.796176
150000 17.274918
150000 19.249728
150000 17.595446
200000 22.600497
200000 23.766942
200000 21.229729
200000 21.556226
200000 21.281721
200000 21.139801
200000 21.653696
200000 23.189432
200000 22.758398
200000 21.253007
250000 25.003605
250000 25.050763
250000 26.526690
250000 25.318745
250000 26.756140
250000 24.994056
250000 25.106819
250000 27.296930
250000 25.069247
250000 25.220484
300000 29.130917
300000 30.190510
300000 29.084512
300000 29.170008
300000 30.717120
300000 30.230863
300000 28.992934
300000 30.089927
300000 29.001812
300000 29.044588
350000 35.048875
350000 33.006210
350000 33.628555
350000 34.683669
350000 33.131866
350000 34.682096
350000 33.134794
350000 33.279044
350000 33.175300
350000 35.754952
400000 39.075102
400000 39.078398
400000 38.929982
400000 40.200691
400000 39.040972
400000 39.045031
400000 39.015171
400000 38.815022
400000 39.180411
400000 38.821921
450000 42.712024
450000 44.239697
450000 42.703379
450000 43.974529
450000 42.805481
450000 42.699512
450000 44.708571
450000 43.045171
450000 42.825493
450000 42.386145
500000 46.445663
500000 47.906604
500000 46.434160
500000 46.673495
500000 46.351914
500000 46.684745
500000 46.319244
500000 48.002163
500000 48.004547
500000 46.422497
