
1 69.512502 
1 69.435936 
1 69.672929 
1 69.218557 
1 69.217375 
1 69.329735 
1 69.121542 
1 69.085986 
1 69.038667
1 69.318719
2 35.707868
2 35.634902
2 36.336197
2 35.871465
2 36.216241
2 35.935115
2 35.676865
2 35.786102
2 36.642367
2 35.919716
3 24.761842
3 24.763563
3 24.913692
3 24.743614
3 24.729314
3 24.782703
3 25.000691
3 25.740044
3 24.811656
3 24.808340
4 19.641109
4 19.496096
4 19.663941
4 19.491119
4 19.653119
4 19.458268
4 19.659847
4 20.128239
4 19.491170
4 19.658656
5 16.207135
5 16.228980
5 16.259392
5 16.253349
5 16.230877
5 16.351463
5 16.230708
5 16.374351
5 16.380035
5 16.254314
6 13.339156
6 13.400659
6 13.375654
6 13.509544
6 13.427397
6 13.452941
6 13.390916
6 13.521932
6 13.353013
6 13.456827
7 11.803998
7 11.872424
7 11.738364
7 11.729969
7 12.116758
7 11.762888
7 11.754929
7 11.806543
7 11.729824
7 12.165853
8 10.418643
8 10.479054
8 10.472420
8 10.396996
8 10.407449
8 10.415326
8 10.486760
8 10.483379
8 10.477206
8 10.393092
9 9.531190
9 9.513330
9 9.518498
9 9.467391
9 9.450243
9 9.450557
9 9.537073
9 9.441229
9 9.465615
9 9.491627
10 8.474009
10 8.485387
10 8.514110
10 8.461447
10 8.456647
10 8.461622
10 8.508992
10 8.499652
10 8.493090
10 8.469040
11 7.803886
11 7.800480
11 7.795867
11 7.795924
11 7.857274
11 7.847837
11 7.796820
11 7.799602
11 7.812389
11 7.859658
12 7.145102
12 7.204389
12 7.164591
12 7.160745
12 7.183418
12 7.165669
12 7.181604
12 7.160305
12 7.157499
12 7.153638
13 6.871614
13 6.713306
13 6.673857
13 6.706517
13 6.779530
13 6.690012
13 6.693415
13 6.744429
13 6.659112
13 6.729246
14 9.727411
14 9.784888
14 9.721302
14 9.990848
14 9.820721
14 9.870462
14 9.740424
14 9.903293
14 9.754808
14 10.018164
15 9.395680
15 9.494202
15 9.497230
15 9.155282
15 9.501566
15 9.604206
15 9.554892
15 9.607672
15 9.445134
15 9.453949
16 9.407877
16 9.149068
16 9.359062
16 9.206439
16 9.020830
16 9.384915
16 9.430290
16 9.020400
16 9.059653
16 9.803401
17 8.685358
17 8.808690
17 8.656468
17 8.714450
17 8.888429
17 8.515612
17 8.727797
17 8.788843
17 8.759770
17 8.737235
18 8.669323
18 8.270012
18 8.739054
18 8.170973
18 8.194943
18 8.712831
18 8.926827
18 8.281031
18 8.425425
18 8.547435
19 7.838602
19 7.862927
19 8.015284
19 8.111299
19 7.852648
19 8.050375
19 7.707591
19 7.900072
19 7.974803
19 7.947318
20 7.613717
20 7.443315
20 7.873373
20 7.475538
20 7.386842
20 7.841927
20 7.563112
20 7.646517
20 7.475484
20 7.660713
21 7.239584
21 7.164180
21 7.522473
21 7.051069
21 7.146209
21 7.285978
21 7.185588
21 7.269841
21 7.138531
21 7.177943
22 7.053207
22 6.738363
22 7.040115
22 6.959592
22 7.113564
22 7.019602
22 7.043092
22 6.940513
22 6.833049
22 6.980991
23 6.461099
23 6.574408
23 6.686780
23 6.613691
23 6.653540
23 6.613165
23 6.928067
23 6.776888
23 6.586650
23 6.711759
24 6.335453
24 6.413505
24 6.292259
24 6.360130
24 6.389781
24 6.547714
24 6.326740
24 6.517256
24 6.267595
24 6.816447
25 6.314218
25 6.333523
25 5.997684
25 6.178394
25 6.394265
25 6.151819
25 6.043737
25 5.958360
25 6.097303
25 6.406848
26 5.989787
26 5.870124
26 5.949839
26 5.879596
26 5.975275
26 5.824250
26 6.053710
26 5.909917
26 6.223455
26 5.669657
27 5.653630
27 5.843511
27 5.950101
27 5.614817
27 5.773062
27 5.729141
27 5.638550
27 5.798265
27 5.896572
27 5.952288
28 5.672912
28 5.637838
28 5.480187
28 5.800171
28 5.732716
28 5.874191
28 5.481426
28 5.555582
28 5.637852
28 5.601439
